# v  min_costs  min_comp_costs  heft_makespan  cpop_makespan  heft_slr  cpop_slr  speedup_heft  speedup_cpop
20  41  138  87  69  2.12  1.68  1.59  2.0
20  68  158  84  110  1.24  1.62  1.88  1.44
20  122  353  143  189  1.17  1.55  2.47  1.87
20  99  308  146  190  1.47  1.92  2.11  1.62
20  80  290  238  213  2.98  2.66  1.22  1.36
20  120  262  133  173  1.11  1.44  1.97  1.51
20  66  263  321  234  4.86  3.55  0.82  1.12
20  61  194  90  94  1.48  1.54  2.16  2.06
20  60  243  278  311  4.63  5.18  0.87  0.78
20  77  188  92  102  1.19  1.32  2.04  1.84
20  142  400  164  169  1.15  1.19  2.44  2.37
20  110  309  310  445  2.82  4.05  1.0  0.69
20  63  133  101  79  1.6  1.25  1.32  1.68
20  74  150  196  247  2.65  3.34  0.77  0.61
20  89  392  195  213  2.19  2.39  2.01  1.84
20  72  154  173  187  2.4  2.6  0.89  0.82
20  51  185  182  222  3.57  4.35  1.02  0.83
20  154  336  212  212  1.38  1.38  1.58  1.58
20  103  276  117  131  1.14  1.27  2.36  2.11
20  148  341  202  220  1.36  1.49  1.69  1.55
40  109  629  207  229  1.9  2.1  3.04  2.75
40  58  264  108  107  1.86  1.84  2.44  2.47
40  200  706  314  296  1.57  1.48  2.25  2.39
40  59  697  483  532  8.19  9.02  1.44  1.31
40  161  768  307  364  1.91  2.26  2.5  2.11
40  214  729  285  335  1.33  1.57  2.56  2.18
40  72  235  164  175  2.28  2.43  1.43  1.34
40  267  836  297  466  1.11  1.75  2.81  1.79
40  99  575  248  237  2.51  2.39  2.32  2.43
40  150  412  474  403  3.16  2.69  0.87  1.02
40  151  724  279  326  1.85  2.16  2.59  2.22
40  247  761  348  473  1.41  1.91  2.19  1.61
40  128  667  465  367  3.63  2.87  1.43  1.82
40  52  363  152  147  2.92  2.83  2.39  2.47
40  139  836  879  752  6.32  5.41  0.95  1.11
40  157  792  279  387  1.78  2.46  2.84  2.05
40  249  764  277  417  1.11  1.67  2.76  1.83
40  181  856  309  409  1.71  2.26  2.77  2.09
40  223  838  853  828  3.83  3.71  0.98  1.01
40  136  402  175  185  1.29  1.36  2.3  2.17
60  168  636  237  333  1.41  1.98  2.68  1.91
60  104  526  363  299  3.49  2.88  1.45  1.76
60  134  848  490  471  3.66  3.51  1.73  1.8
60  201  723  266  342  1.32  1.7  2.72  2.11
60  67  489  452  434  6.75  6.48  1.08  1.13
60  155  1373  485  512  3.13  3.3  2.83  2.68
60  243  1087  424  573  1.74  2.36  2.56  1.9
60  194  714  316  398  1.63  2.05  2.26  1.79
60  47  321  110  129  2.34  2.74  2.92  2.49
60  83  593  247  244  2.98  2.94  2.4  2.43
60  184  1262  634  736  3.45  4.0  1.99  1.71
60  277  1236  1274  1381  4.6  4.99  0.97  0.9
60  66  517  414  385  6.27  5.83  1.25  1.34
60  272  1128  405  535  1.49  1.97  2.79  2.11
60  120  430  176  247  1.47  2.06  2.44  1.74
60  217  750  302  406  1.39  1.87  2.48  1.85
60  64  325  127  161  1.98  2.52  2.56  2.02
60  135  1043  374  425  2.77  3.15  2.79  2.45
60  125  466  188  222  1.5  1.78  2.48  2.1
60  62  939  472  542  7.61  8.74  1.99  1.73
80  163  1225  695  746  4.26  4.58  1.76  1.64
80  59  522  205  220  3.47  3.73  2.55  2.37
80  40  493  233  247  5.83  6.17  2.12  2.0
80  246  1316  518  610  2.11  2.48  2.54  2.16
80  161  665  419  395  2.6  2.45  1.59  1.68
80  107  744  540  523  5.05  4.89  1.38  1.42
80  125  571  528  493  4.22  3.94  1.08  1.16
80  104  698  275  297  2.64  2.86  2.54  2.35
80  146  803  435  481  2.98  3.29  1.85  1.67
80  216  1317  474  655  2.19  3.03  2.78  2.01
80  237  1586  1338  1208  5.65  5.1  1.19  1.31
80  104  661  253  326  2.43  3.13  2.61  2.03
80  174  678  448  504  2.57  2.9  1.51  1.35
80  133  710  307  364  2.31  2.74  2.31  1.95
80  89  469  338  365  3.8  4.1  1.39  1.28
80  155  1484  1088  1233  7.02  7.95  1.36  1.2
80  92  718  260  321  2.83  3.49  2.76  2.24
80  155  1145  411  482  2.65  3.11  2.79  2.38
80  76  477  169  216  2.22  2.84  2.82  2.21
80  208  1470  535  683  2.57  3.28  2.75  2.15
100  121  837  471  372  3.89  3.07  1.78  2.25
100  116  589  398  411  3.43  3.54  1.48  1.43
100  81  1132  445  516  5.49  6.37  2.54  2.19
100  140  1638  590  664  4.21  4.74  2.78  2.47
100  154  1849  604  751  3.92  4.88  3.06  2.46
100  230  1882  612  906  2.66  3.94  3.08  2.08
100  183  1872  589  769  3.22  4.2  3.18  2.43
100  134  839  310  439  2.31  3.28  2.71  1.91
100  331  1585  505  848  1.53  2.56  3.14  1.87
100  111  616  332  322  2.99  2.9  1.86  1.91
100  179  1236  776  767  4.34  4.28  1.59  1.61
100  306  1392  535  802  1.75  2.62  2.6  1.74
100  140  1436  531  601  3.79  4.29  2.7  2.39
100  221  1199  430  603  1.95  2.73  2.79  1.99
100  156  1085  377  549  2.42  3.52  2.88  1.98
100  183  1148  590  714  3.22  3.9  1.95  1.61
100  356  1537  606  1114  1.7  3.13  2.54  1.38
100  308  1807  895  1106  2.91  3.59  2.02  1.63
100  444  2030  754  1114  1.7  2.51  2.69  1.82
100  140  1016  400  431  2.86  3.08  2.54  2.36
# ccr=0.1, 0.5, 1.0, 5.0, 10.0
100  155  1963  613  753  3.95  4.86  3.2  2.61
40  174  557  232  278  1.33  1.6  2.4  2.0
20  78  133  107  78  1.37  1.0  1.24  1.71
100  209  1684  588  681  2.81  3.26  2.86  2.47
80  282  1525  540  616  1.91  2.18  2.82  2.48
80  167  1230  442  510  2.65  3.05  2.78  2.41
100  320  1638  557  848  1.74  2.65  2.94  1.93
40  128  653  248  278  1.94  2.17  2.63  2.35
40  199  868  323  457  1.62  2.3  2.69  1.9
80  168  1571  556  623  3.31  3.71  2.83  2.52
40  128  829  268  346  2.09  2.7  3.09  2.4
20  114  385  173  182  1.52  1.6  2.23  2.12
100  424  1702  646  904  1.52  2.13  2.63  1.88
60  215  762  306  364  1.42  1.69  2.49  2.09
80  118  829  273  348  2.31  2.95  3.04  2.38
100  375  2043  758  1114  2.02  2.97  2.7  1.83
20  118  249  121  168  1.03  1.42  2.06  1.48
100  140  1278  472  473  3.37  3.38  2.71  2.7
100  230  1272  439  709  1.91  3.08  2.9  1.79
40  81  263  91  143  1.12  1.77  2.89  1.84
60  132  732  274  333  2.08  2.52  2.67  2.2
80  101  718  281  298  2.78  2.95  2.56  2.41
80  102  471  178  255  1.75  2.5  2.65  1.85
80  122  875  321  391  2.63  3.2  2.73  2.24
20  74  139  84  82  1.14  1.11  1.65  1.7
80  184  1299  496  574  2.7  3.12  2.62  2.26
100  346  1469  571  830  1.65  2.4  2.57  1.77
60  199  940  384  463  1.93  2.33  2.45  2.03
60  186  785  332  393  1.78  2.11  2.36  2.0
60  222  1143  427  576  1.92  2.59  2.68  1.98
40  258  806  381  498  1.48  1.93  2.12  1.62
80  88  738  310  301  3.52  3.42  2.38  2.45
40  149  684  380  342  2.55  2.3  1.8  2.0
40  216  562  295  394  1.37  1.82  1.91  1.43
40  76  454  199  193  2.62  2.54  2.28  2.35
20  122  389  160  194  1.31  1.59  2.43  2.01
20  68  127  70  68  1.03  1.0  1.81  1.87
40  174  611  238  308  1.37  1.77  2.57  1.98
60  298  1033  467  539  1.57  1.81  2.21  1.92
20  102  283  147  160  1.44  1.57  1.93  1.77
80  89  505  177  219  1.99  2.46  2.85  2.31
60  214  889  329  411  1.54  1.92  2.7  2.16
40  245  721  320  438  1.31  1.79  2.25  1.65
60  232  838  359  421  1.55  1.81  2.33  1.99
20  115  226  137  150  1.19  1.3  1.65  1.51
80  395  1614  675  918  1.71  2.32  2.39  1.76
20  76  353  169  168  2.22  2.21  2.09  2.1
40  278  708  412  439  1.48  1.58  1.72  1.61
100  60  891  292  365  4.87  6.08  3.05  2.44
20  33  134  70  67  2.12  2.03  1.91  2.0
80  83  793  318  368  3.83  4.43  2.49  2.15
80  438  1575  722  943  1.65  2.15  2.18  1.67
20  147  364  226  255  1.54  1.73  1.61  1.43
20  138  333  236  195  1.71  1.41  1.41  1.71
40  111  559  283  286  2.55  2.58  1.98  1.95
20  42  121  72  70  1.71  1.67  1.68  1.73
80  74  679  246  258  3.32  3.49  2.76  2.63
100  170  1158  428  657  2.52  3.86  2.71  1.76
20  80  279  181  161  2.26  2.01  1.54  1.73
40  111  274  135  168  1.22  1.51  2.03  1.63
40  141  584  333  341  2.36  2.42  1.75  1.71
100  247  2036  1058  1070  4.28  4.33  1.92  1.9
20  125  363  380  384  3.04  3.07  0.96  0.95
40  199  646  606  699  3.05  3.51  1.07  0.92
60  128  684  404  395  3.16  3.09  1.69  1.73
100  189  1476  676  801  3.58  4.24  2.18  1.84
80  72  1001  434  478  6.03  6.64  2.31  2.09
80  114  1286  766  885  6.72  7.76  1.68  1.45
60  145  1246  627  592  4.32  4.08  1.99  2.1
40  70  195  213  157  3.04  2.24  0.92  1.24
100  49  754  306  422  6.24  8.61  2.46  1.79
80  229  1255  874  784  3.82  3.42  1.44  1.6
100  274  1935  1166  1187  4.26  4.33  1.66  1.63
20  56  211  238  268  4.25  4.79  0.89  0.79
40  117  492  345  342  2.95  2.92  1.43  1.44
40  66  359  340  267  5.15  4.05  1.06  1.34
20  55  209  197  177  3.58  3.22  1.06  1.18
60  290  1029  767  980  2.64  3.38  1.34  1.05
80  75  839  377  405  5.03  5.4  2.23  2.07
40  172  694  362  357  2.1  2.08  1.92  1.94
60  77  940  680  697  8.83  9.05  1.38  1.35
60  98  800  535  731  5.46  7.46  1.5  1.09
100  207  1504  937  933  4.53  4.51  1.61  1.61
60  129  1005  633  621  4.91  4.81  1.59  1.62
80  164  1510  1225  1456  7.47  8.88  1.23  1.04
100  109  1152  698  716  6.4  6.57  1.65  1.61
80  214  1427  1477  1439  6.9  6.72  0.97  0.99
40  75  303  326  213  4.35  2.84  0.93  1.42
100  84  771  550  461  6.55  5.49  1.4  1.67
20  65  304  350  345  5.38  5.31  0.87  0.88
100  80  1684  1037  879  12.96  10.99  1.62  1.92
40  80  398  396  384  4.95  4.8  1.01  1.04
100  142  1539  1049  980  7.39  6.9  1.47  1.57
60  113  1017  921  790  8.15  6.99  1.1  1.29
20  90  339  431  656  4.79  7.29  0.79  0.52
100  144  1413  946  926  6.57  6.43  1.49  1.53
20  100  233  234  203  2.34  2.03  1.0  1.15
80  196  1719  1037  1194  5.29  6.09  1.66  1.44
60  167  548  473  508  2.83  3.04  1.16  1.08
# beta = 0.1, 0.25, 0.5, 0.75, 1.0
20  59  159  75  85  1.27  1.44  2.12  1.87
20  84  284  280  262  3.33  3.12  1.01  1.08
60  34  375  275  246  8.09  7.24  1.36  1.52
60  321  1042  461  466  1.44  1.45  2.26  2.24
60  159  1135  1112  1043  6.99  6.56  1.02  1.09
80  162  1350  601  494  3.71  3.05  2.25  2.73
60  44  361  143  143  3.25  3.25  2.52  2.52
60  107  901  672  587  6.28  5.49  1.34  1.53
100  128  925  628  692  4.91  5.41  1.47  1.34
100  291  1641  751  671  2.58  2.31  2.19  2.45
80  51  485  174  198  3.41  3.88  2.79  2.45
60  166  876  836  882  5.04  5.31  1.05  0.99
60  326  989  527  674  1.62  2.07  1.88  1.47
40  160  770  490  456  3.06  2.85  1.57  1.69
20  40  124  59  55  1.48  1.38  2.1  2.25
60  159  677  270  325  1.7  2.04  2.51  2.08
100  170  1858  1221  1313  7.18  7.72  1.52  1.42
80  198  1510  1077  1014  5.44  5.12  1.4  1.49
100  394  1571  546  739  1.39  1.88  2.88  2.13
80  65  601  450  282  6.92  4.34  1.34  2.13
20  170  456  247  222  1.45  1.31  1.85  2.05
80  202  1468  521  595  2.58  2.95  2.82  2.47
20  63  150  153  168  2.43  2.67  0.98  0.89
100  218  1564  952  807  4.37  3.7  1.64  1.94
40  79  268  120  134  1.52  1.7  2.23  2.0
80  103  693  260  285  2.52  2.77  2.67  2.43
60  77  475  182  205  2.36  2.66  2.61  2.32
80  180  820  294  353  1.63  1.96  2.79  2.32
40  181  616  517  611  2.86  3.38  1.19  1.01
20  75  234  244  266  3.25  3.55  0.96  0.88
20  171  330  204  207  1.19  1.21  1.62  1.59
20  81  397  407  756  5.02  9.33  0.98  0.53
20  82  233  127  110  1.55  1.34  1.83  2.12
80  43  486  343  340  7.98  7.91  1.42  1.43
20  39  118  83  61  2.13  1.56  1.42  1.93
100  212  1741  1262  989  5.95  4.67  1.38  1.76
100  62  686  301  296  4.85  4.77  2.28  2.32
40  87  493  183  233  2.1  2.68  2.69  2.12
20  88  204  111  100  1.26  1.14  1.84  2.04
80  167  1255  478  555  2.86  3.32  2.63  2.26
40  161  715  317  358  1.97  2.22  2.26  2.0
60  85  670  254  258  2.99  3.04  2.64  2.6
80  112  629  637  494  5.69  4.41  0.99  1.27
100  254  1582  546  664  2.15  2.61  2.9  2.38
40  111  409  159  222  1.43  2.0  2.57  1.84
40  123  427  185  181  1.5  1.47  2.31  2.36
40  67  347  147  162  2.19  2.42  2.36  2.14
20  43  205  208  242  4.84  5.63  0.99  0.85
80  151  1087  379  413  2.51  2.74  2.87  2.63
60  218  871  376  452  1.72  2.07  2.32  1.93
100  102  1071  357  411  3.5  4.03  3.0  2.61
80  122  945  327  371  2.68  3.04  2.89  2.55
100  493  2034  821  1086  1.67  2.2  2.48  1.87
20  85  167  113  89  1.33  1.05  1.48  1.88
40  40  223  82  91  2.05  2.27  2.72  2.45
60  284  1087  417  576  1.47  2.03  2.61  1.89
100  97  743  379  432  3.91  4.45  1.96  1.72
100  138  1361  500  557  3.62  4.04  2.72  2.44
100  119  1167  678  634  5.7  5.33  1.72  1.84
40  99  332  127  153  1.28  1.55  2.61  2.17
60  177  1072  438  474  2.47  2.68  2.45  2.26
20  88  255  117  131  1.33  1.49  2.18  1.95
80  365  1739  1098  845  3.01  2.32  1.58  2.06
100  146  1634  1001  1008  6.86  6.9  1.63  1.62
80  198  1296  464  574  2.34  2.9  2.79  2.26
20  26  142  92  104  3.54  4.0  1.54  1.37
20  39  114  60  61  1.54  1.56  1.9  1.87
60  168  679  283  396  1.68  2.36  2.4  1.71
40  126  545  218  292  1.73  2.32  2.5  1.87
40  211  720  305  454  1.45  2.15  2.36  1.59
20  34  110  50  49  1.47  1.44  2.2  2.24
80  166  1444  505  571  3.04  3.44  2.86  2.53
100  269  1837  1400  989  5.2  3.68  1.31  1.86
100  194  1180  903  629  4.65  3.24  1.31  1.88
40  170  579  284  330  1.67  1.94  2.04  1.75
20  42  147  62  60  1.48  1.43  2.37  2.45
60  192  603  234  345  1.22  1.8  2.58  1.75
80  123  996  330  422  2.68  3.43  3.02  2.36
20  68  301  132  140  1.94  2.06  2.28  2.15
20  83  289  137  121  1.65  1.46  2.11  2.39
100  186  830  519  499  2.79  2.68  1.6  1.66
80  79  717  245  298  3.1  3.77  2.93  2.41
80  62  564  179  205  2.89  3.31  3.15  2.75
20  18  84  98  130  5.44  7.22  0.86  0.65
80  144  1099  362  510  2.51  3.54  3.04  2.15
20  73  221  96  124  1.32  1.7  2.3  1.78
40  154  468  558  390  3.62  2.53  0.84  1.2
40  89  367  320  317  3.6  3.56  1.15  1.16
40  120  606  251  288  2.09  2.4  2.41  2.1
80  92  705  573  476  6.23  5.17  1.23  1.48
100  208  1596  491  699  2.36  3.36  3.25  2.28
20  77  237  232  288  3.01  3.74  1.02  0.82
80  178  844  712  843  4.0  4.74  1.19  1.0
60  170  765  307  361  1.81  2.12  2.49  2.12
20  69  248  126  119  1.83  1.72  1.97  2.08
100  86  1128  366  422  4.26  4.91  3.08  2.67
40  110  518  171  230  1.55  2.09  3.03  2.25
80  251  1449  1105  1349  4.4  5.37  1.31  1.07
100  176  1144  595  629  3.38  3.57  1.92  1.82
60  108  839  252  333  2.33  3.08  3.33  2.52
100  118  1347  411  543  3.48  4.6  3.28  2.48
