20 1.46
20 3.7
20 1.64
20 2.63
20 5.38
20 3.78
20 1.49
20 1.2
20 3.82
20 2.21
20 1.42
20 1.04
20 1.65
20 3.54
20 4.92
20 2.85
20 2.77
20 1.97
20 1.0
20 1.52
40 2.24
40 5.19
40 8.2
40 6.29
40 5.38
40 2.29
40 1.3
40 4.38
40 2.17
40 6.91
40 4.94
40 2.58
40 2.29
40 3.55
40 1.53
40 2.83
40 1.08
40 2.26
40 5.47
40 1.76
60 1.98
60 9.21
60 6.25
60 1.43
60 3.3
60 2.43
60 3.15
60 4.77
60 1.71
60 3.28
60 1.95
60 2.44
60 2.62
60 1.61
60 5.53
60 2.86
60 2.59
60 3.65
60 3.29
60 1.66
80 4.96
80 3.2
80 3.72
80 1.82
80 5.69
80 4.19
80 2.1
80 2.29
80 3.0
80 2.51
80 2.39
80 4.57
80 2.76
80 3.46
80 4.75
80 4.95
80 2.64
80 2.67
80 3.07
80 1.99
100 8.45
100 4.43
100 2.9
100 7.96
100 2.64
100 2.85
100 3.61
100 4.4
100 6.19
100 6.46
100 4.99
100 7.86
100 8.3
100 4.28
100 7.37
100 2.17
100 2.4
100 3.2
100 2.92
100 3.56
40 5.43
40 3.01
40 2.05
40 1.56
60 2.78
60 3.51
60 3.04
60 3.4
60 1.82
60 2.72
60 2.86
60 2.01
60 2.16
60 2.44
60 1.48
60 3.12
60 2.47
60 3.47
60 2.37
20 2.28
20 1.63
20 2.67
20 6.39
20 1.26
20 1.79
20 1.03
20 1.48
20 2.99
20 3.22
20 4.05
20 1.42
20 5.28
20 4.49
20 2.65
40 2.11
40 2.64
40 1.94
40 2.83
40 1.94
40 1.49
40 1.96
40 1.82
40 2.54
40 2.3
40 4.3
80 3.58
80 3.56
80 2.12
80 2.68
80 7.07
80 2.92
80 7.36
80 2.02
80 3.5
80 2.5
80 3.19
80 4.34
80 1.91
80 5.07
100 5.89
100 3.21
100 2.97
100 3.56
100 3.78
100 3.29
100 7.54
100 3.29
100 3.51
100 2.72
100 5.22
100 6.21
100 4.69
100 4.26
100 2.27
80 3.65
80 6.52 71 463
