20 1.34
20 4.1
20 1.63
20 4.35
20 5.38
20 3.74
20 1.35
20 1.16
20 3.8
20 2.68
20 1.18
20 0.96
20 1.8
20 2.6
20 4.62
20 3.49
20 2.78
20 1.47
20 1.1
20 1.49
40 1.72
40 4.66
40 6.93
40 6.15
40 4.91
40 1.96
40 1.2
40 4.01
40 2.15
40 5.14
40 3.66
40 2.57
40 2.37
40 3.16
40 1.34
40 3.83
40 1.04
40 1.78
40 5.09
40 1.32
60 1.81
60 8.48
60 5.9
60 1.0
60 2.92
60 1.86
60 2.97
60 3.95
60 1.54
60 2.92
60 1.36
60 1.73
60 2.15
60 1.21
60 5.71
60 3.16
60 2.82
60 2.6
60 3.09
60 0.95
80 5.41
80 3.85
80 3.23
80 1.55
80 5.25
80 4.79
80 1.97
80 1.97
80 2.22
80 1.76
80 1.91
80 4.46
80 2.48
80 2.73
80 4.59
80 4.76
80 2.14
80 2.58
80 2.72
80 1.41
100 7.71
100 3.93
100 2.0
100 7.31
100 1.76
100 2.24
100 3.46
100 3.65
100 5.19
100 6.41
100 4.82
100 7.9
100 8.21
100 3.25
100 7.04
100 1.69
100 1.5
100 2.21
100 2.05
100 3.81
40 4.88
40 3.48
40 2.07
40 1.52
60 3.66
60 3.16
60 2.84
60 3.87
60 1.14
60 2.79
60 2.42
60 1.72
60 1.68
60 2.32
60 1.15
60 2.64
60 2.16
60 4.54
60 1.8
20 2.28
20 1.33
20 2.34
20 7.39
20 2.19
20 1.71
20 1.19
20 1.25
20 3.18
20 3.27
20 2.7
20 1.44
20 5.37
20 4.04
20 2.85
40 1.69
40 3.17
40 1.49
40 2.5
40 1.71
40 1.19
40 1.78
40 1.32
40 2.58
40 1.76
40 3.63
80 2.66
80 3.01
80 1.45
80 2.26
80 6.77
80 3.18
80 6.97
80 1.57
80 3.44
80 2.27
80 3.71
80 3.95
80 1.37
80 3.77
100 4.66
100 2.67
100 3.28
100 3.21
100 4.08
100 3.73
100 8.05
100 3.02
100 3.53
100 2.75
100 4.77
100 7.06
100 4.04
100 3.71
100 1.49
80 2.86
80 5.11 71 363
