# v heft_make_span  heft_slr     cpop_slr cpop_make_span
20  153  3.64  3.21  135
20  243  3.28  3.07  227
20  113  1.77  1.69  108
20  156  1.62  1.28  123
20  280  2.59  2.45  265
20  55   1.62  1.88  64
20  95   1.32  1.11  80
20  199  6.22  6.38  204
20  168  7.3   5.87  135
20  193  1.79  1.56  169
20  189  4.85  4.9   191
20  238  4.86  5.45  267
20  79   1.61  1.51  74
20  151  1.86  1.59  129
20  620  8.49  7.9   577
20  510  3.21  2.83  450
20  205  1.15  1.17  210
20  471  2.52  2.41  450
20  138  1.48  1.72  160
20  234  1.46  1.62  259
40  178  2.2   2.07  168
40  933  4.38  2.86  609
40  221  2.95  2.16  162
40  256  1.8   2.44  347
40  245  4.54  3.56  192
40  87   2.02  2.05  88
40  356  1.5   1.83  433
40  525  2.59  3.22  653
40  612  3.0   3.02  616
40  305  2.63  3.03  351
40  248  1.78  2.18  303
40  667  2.85  2.47  579
40  212  1.98  2.3   246
40  226  1.31  1.36  235
40  412  1.53  1.74  467
40  529  5.34  4.76  471
40  174  2.05  2.18  185
40  85   1.1   1.36  105
40  144  1.97  2.74  200
40  142  1.34  1.52  161
60  226  2.17  2.53  263
60  401  1.31  1.91  583
60  708  4.27  2.92  485
60  238  2.56  3.05  284
60  357  1.64  2.07  451
60  345  2.83  2.99  365
60  595  4.61  5.27  680
60  231  2.48  2.81  261
60  488  2.92  3.47  579
60  366  1.58  1.93  446
60  314  4.91  6.48  415
60  113  2.13  2.66  141
60  274  1.69  2.14  346
60  682  5.21  3.76  492
60  120  2.26  2.62  139
60  328  4.32  3.67  279
60  330  2.21  2.58  384
60  417  2.64  3.13  495
60  324  1.77  2.55  466
60  317  1.47  2.21  475
80  258  4.61  3.96  222
80  213  3.38  3.7  233
80  420  1.86  2.0  452
80  538  1.48  2.19  795
80  366  3.77  3.43  333
80  466  4.52  5.04  519
80  409  1.68  2.41  587
80  496  3.73  4.21  560
80  396  2.77  3.35  479
80  420  7.12  5.61  331
80  436  4.0  3.6  392
80  451  2.95  3.09  473
80  297  1.77  2.18  366
80  396  1.37  2.25  650
80  919  5.97  5.7  878
80  376  3.92  3.93  377
80  840  5.35  5.07  796
80  545  2.0  2.07  563
80  537  2.83  3.88  738
80  910  3.67  3.72  923
100  605  3.93  4.35  670
100  427  5.69  6.64  498
100  417  2.61  3.12  500
100  271  1.79  2.41  364
100  391  4.65  5.15  433
100  244  3.34  3.89  284
100  1468  5.6  5.2  1363
100  993  4.87  5.76  1175
100  569  3.74  4.01  609
100  597  2.57  3.12  723
100  636  3.9  3.8  619
100  403  4.15  4.42  429
100  385  3.56  3.53  381
100  450  3.66  3.77  464
100  197  1.71  2.64  304
100  670  3.53  3.79  720
100  688  1.7  2.52  1017
100  546  2.28  2.63  629
100  758  2.86  3.25  861
100  1087  3.41  3.83  1222
100  453  1.64  2.22  614
100  272  3.16  3.36  289
100  419  8.55  7.55  370
100  385  3.01  3.59  459
100  736  2.42  3.15  959
100  409  1.78  2.56  588
20  255  4.72  5.7  308
20  277  1.31  1.43  302
20  147  1.99  1.85  137
20  115  1.37  1.82  153
20  328  5.56  4.68  276
20  47  1.24  1.42  54
20  126  2.17  2.22  129
40  511  3.7  2.86  395
40  85  1.93  2.07  91
40  267  2.05  2.22  289
40  141  1.45  1.67  162
40  196  1.42  1.79  247
40  373  1.91  2.03  396
40  310  3.56  3.48  303
40  643  4.2  4.2  643
40  484  4.79  5.16  521
40  793  4.9  5.15  834
20  317  4.66  4.35  296
20  97  1.43  1.47  100
20  216  2.16  3.72  372
60  187  1.85  2.23  225
60  851  4.25  3.54  708
60  229  1.75  2.3  301
60  194  1.35  1.92  276
60  279  3.77  4.03  298
60  312  3.8  3.33  273
60  362  1.34  2.1  570
60  178  2.44  2.45  179
60  1075  3.08  3.11  1087
60  273  2.73  2.5  250
80  648  2.83  2.75  629
80  1194  4.49  5.43  1444
80  349  1.7  2.66  546
80  557  1.79  2.12  661
80  286  3.58  3.61  289
80  399  6.05  5.97  394
80  175  2.82  2.73  169
80  1187  6.67  5.88  1046
80  552  1.99  2.49  693
80  828  6.62  5.7  713
100  283  4.22  5.21  349
100  475  4.61  4.91  506
100  692  6.65  6.62  689
100  466  1.79  2.2  573
20  413  2.19  2.19  413
20  115  1.47  1.56  122
20  177  2.77  2.83  181
20  116  1.73  1.88  126
20  191  1.72  1.44  160
20  55  1.45  1.79  68
20  145  1.28  1.37  155
20  191  1.5  1.45  184
20  224  2.31  1.77  172
20  293  2.46  2.27  270
20  216  1.73  1.47  184
20  80  2.16  2.16  80
20  240  7.5  6.56  210
20  300  3.95  4.09  311
20  165  1.76  1.56  147
20  111  1.46  1.67  127
20  132  2.69  2.69  132
20  96  1.17  1.52  125
20  128  1.47  1.51  131
20  211  3.4  2.9  180
40  379  3.79  4.32  432
40  567  8.59  9.97  658
40  225  3.41  2.83  187
40  239  3.03  3.03  239
40  605  3.95  3.71  568
40  415  2.96  2.28  319
40  484  3.84  4.67  588
40  255  1.67  2.06  315
40  341  2.07  2.02  333
40  106  1.32  2.05  164
40  283  2.44  2.5  290
40  220  1.38  1.28  204
40  153  1.61  1.79  170
40  1050  3.74  2.8  786
40  406  2.99  3.64  495
40  325  1.27  1.25  319
40  606  2.61  3.3  765
40  603  10.4  10.4  603
40  171  3.98  3.53  152
40  799  6.5  5.36  659
60  234  2.6  2.93  264
60  612  3.03  2.02  409
60  388  3.23  3.76  451
60  313  2.17  2.64  380
60  460  1.29  1.92  685
60  330  3.0  3.29  362
60  286  1.29  1.54  342
60  749  6.87  5.67  618
60  423  2.52  3.03  509
60  501  6.11  6.55  537
60  401  2.23  2.59  466
60  426  4.84  5.31  467
60  306  5.77  4.85  257
60  378  1.93  2.18  427
60  193  1.62  1.77  211
60  168  2.55  2.77  183
60  229  3.82  3.92  235
60  465  1.74  2.12  567
60  412  4.16  3.18  315
60  157  2.66  3.08  182
80  379  2.98  3.64  462
80  531  3.66  3.97  576
80  553  2.88  3.35  644
80  361  2.71  3.24  431
80  520  5.15  3.26  329
80  947  8.38  10.12  1144
80  1045  7.57  7.56  1043
80  236  2.19  2.79  301
80  1498  4.45  5.15  1736
80  1010  6.12  6.36  1050
80  367  2.87  4.22  540
80  718  3.44  3.87  809
80  463  7.23  6.59  422
80  917  2.45  2.48  927
80  384  1.84  2.7  565
80  1137  4.31  3.23  852
80  1427  4.5  4.87  1544
80  280  1.35  2.14  445
80  445  5.63  4.52  357
80  395  3.11  3.28  416
100  473  3.01  3.56  559
100  416  4.67  4.0  356
100  1026  3.31  3.48  1078
100  287  4.7  4.95  302
100  225  3.17  3.99  283
100  668  1.81  2.73  1008
100  651  1.62  2.45  986
100  469  2.61  3.62  651
100  539  4.31  5.53  691
100  383  2.12  3.06  554
100  873  6.37  6.28  861
100  1529  5.56  4.44  1222
100  390  3.42  4.18  476
100  222  1.71  2.63  342
100  234  4.11  5.39  307
100  491  4.27  3.87  445
100  598  2.76  3.3  716
100  307  1.94  2.42  383
100  761  1.81  2.34  984
100  557  2.44  3.87  883
